pmids
32877684
32017896
32320653
32698004
31952989
32187540
32669362
31973890
32755583
32101749
32386541
32160533
32697994
32521270
32460017
32651233
30954402
30639242
31968257
32726636
31995763
32444496
32049022
32610119
32937140
31879358
31278053
32640193
31176671
32587343
32641495
32209468
32780990
32130890
32268103
32814052
32433974
32697990
32023457
31668929
31836388
32668258
32049019
32294437
32234488
32647006
32783937
32075752
31968253
31956073
31968248
32610126
32905778
32492416
31053471
32433959
32877680
32049014
32375055
31914395
32755573
30612880
32571875
32640216
32165409
32937131
32375053
31995750
32130892
32631952
30904392
30472188
32905772
31400850
31995752
32755589
32636300
32587089
32820036
31983508
32294432
32541877
32209473
32707033
30612879
32299913
32402271
32640214
32735772
32231310
31255466
32610129
31561952
31420217
31679820
32610131
32402285
32640217
32668237
32464093
31442424
31810760
32877669
32467227
32203415
31474572
31492633
32631954
32187556
30772176
32726632
32229306
32755590
31914399
32640238
32610136
31023583
32209483
32579932
31027880
32675324
31968250
30956043
32203422
32871104
31539507
32460011
32375042
32532820
32209474
32369735
32482893
32636302
32647007
30982746
31926851
32023465
32075754
32846120
32873579
32023461
32380061
32348770
32231306
32640226
32610128
32518161
32846132
31914389
32433968
32348765
32905777
31836389
32690606
32160549
30901565
32492414
32101732
32554807
32470318
32402274
31940487
32616654
32485148
32079652
32433976
32755581
32579931
32726622
32755579
31995751
32313104
32540968
32610043
32846138
32877674
31351877
32442397
32234473
32668239
32665402
31447391
32029457
32142689
32905773
32675286
32101731
32937135
32917828
32375037
32101741
32807901
31995754
32294445
32611613
32611765
32460032
32690608
32075762
32755587
32367049
32917829
31494035
32187554
32679077
31101499
32023449
32203417
32075732
32348763
32521267
31006537
31995759
31940493
32268083
32546480
32846134
31054974
30527665
31126740
32209460
31375263
32521253
32330457
32402286
32348753
30704899
32668247
32049003
32101748
32640230
32284542
31130364
31901447
32579928
32320667
32846136
32820040
32846130
31940491
32521256
32579921
30982745
32601373
32610123
32001105
30879902
32348767
32160544
32023471
32839548
32579935
32075735
32001510
32905775
31492635
32240602
32611771
32084337
32193353
32492417
32521278
32698014
31303470
32375030
30472187
32294440
32579942
32807902
32846126
32905769
31630969
32473093
32268090
32580946
31968246
32814046
32023466
32755576
32579924
31586545
32122968
32451439
32023468
32579933
30595434
32504554
32160548
32375048