32023461
32460017
30879903
31543423
32367047
32636303
32579914
32554467
32905781
32049010
32726637
30952515
31995750
32611769
32571873
31542297
30853400
31857346
31733992
31586547
31995728
32375042
32616520
31229404
32049007
32610117
31676232
30738703
31973890
32348780
32017896
32697984
32075731
32814054
32877671
31735641
32402271
32433973
31914400
32755570
32470318
32130890
32587090
32187535
32023470
31474573
30612880
30904392
32783940
32616651
32531208
31901446
32348751
32049013
31053472
32139423
32460013
32231305
32579917
32532820
32541877
31968254
31901447
32209481
30595434
32521269
32698014
32268103
32561545
32846118
32354837
32651234
32294429
31561952
31023583
31542296
32482893
32669362
31982308
30581142
30642763
32647006
31027879
32690606
32726624
32610129
32937124
32937140
32645369
31677974
32320653
31000437
32460019
31708417
32320654
32111741
32807903
32433965
32101753
32814043
31981475
32620552
31831627
32485148
32521280
32668244
31606273
31914402
32049014
32023463
32433966
32017898
30598363
31812350
32692974
32738194
32668254
32268090
31278054
32877667
32579932
32571875
30527665
